2.0226         0
    2.0248         0
    2.0612         0
    2.2883         0
    2.8240         0
    3.4782         0
    4.3642         0
    5.5541         0
    6.9213         0
    1.9658   -0.1014
    1.9681   -0.0462
    2.0047   -0.0182
    2.2262   -0.0312
    2.7432   -0.0753
    3.3533   -0.1342
    4.1200   -0.2175
    5.0109   -0.3120
    5.9393   -0.2614
    1.8436   -0.1992
    1.8158   -0.1109
    1.8350   -0.0609
    2.0420   -0.0802
    2.5225   -0.1559
    3.0735   -0.2531
    3.7382   -0.3855
    4.4767   -0.5547
    5.4521   -0.7476
    1.6577   -0.2907
    1.5908   -0.1951
    1.5819   -0.1391
    1.7648   -0.1608
    2.2023   -0.2508
    2.7034   -0.3635
    3.3109   -0.5097
    4.0106   -0.6985
    4.7216   -0.9209
    5.8297   -1.5224
    1.4208   -0.3636
    1.3181   -0.2921
    1.2791   -0.2504
    1.4296   -0.2738
    1.8161   -0.3624
    2.2703   -0.4721
    2.8398   -0.6076
    3.5456   -0.7739
    4.3587   -0.9834
    5.4823   -1.3587
    6.6127   -2.0695
    8.1582   -2.7237
    1.1159   -0.4349
    0.9949   -0.3973
    0.9415   -0.3775
    1.0636   -0.4023
    1.3856   -0.4846
    1.7662   -0.5878
    2.2555   -0.7162
    2.8935   -0.8701
    3.6401   -1.0427
    6.3124   -1.6922
    4.7875   -1.3846
    0.7667   -0.4969
    0.6585   -0.5007
    0.6093   -0.5028
    0.6979   -0.5247
    0.9316   -0.5988
    1.2089   -0.7002
    1.5715   -0.8391
    2.0378   -1.0209
    2.7784   -1.3405
    0.3920   -0.5481
    0.3232   -0.5839
    0.2954   -0.5972
    0.3438   -0.6119
    0.4678   -0.6783
    0.6147   -0.7799
    0.8064   -0.9315
    1.0425   -1.1438
    1.2998   -1.4293
         0   -0.5985
         0   -0.6279
         0   -0.6337
         0   -0.6412
         0   -0.7034
         0   -0.8057
         0   -0.9652
         0   -1.1938
         0   -1.4584